images\im1.jpg 1617,723,1699,813,0
images\im1000.jpg 1153,646,1181,667,0 551,326,574,357,0
images\im1001.jpg 545,422,565,450,0
images\im1002.jpg 532,520,557,548,0
images\im1003.jpg 515,631,548,659,0
images\im1004.jpg 858,1,879,21,0
images\im1005.jpg 855,55,876,79,0
images\im1006.jpg 850,119,877,141,0
images\im1007.jpg 848,186,872,209,0 158,45,190,66,0
images\im1008.jpg 850,261,873,287,0 140,104,172,127,0
images\im1009.jpg 121,170,154,189,0 846,344,873,375,0
images\im1010.jpg 848,431,873,464,0 103,239,136,264,0
images\im1011.jpg 82,312,114,344,0 844,524,868,564,0
images\im1012.jpg 59,396,91,431,0 838,635,869,674,0 170,26,197,45,0
images\im1013.jpg 152,88,172,114,0 33,489,66,525,0
images\im1014.jpg 9,589,44,625,0 128,163,152,187,0
images\im1015.jpg 103,241,133,266,0
images\im1016.jpg 79,327,106,354,0
images\im1017.jpg 49,421,80,451,0
images\im1018.jpg 18,522,55,555,0
images\im1021.jpg 342,1,363,20,0
images\im1022.jpg 325,72,344,90,0
images\im1023.jpg 307,141,326,159,0
images\im1024.jpg 288,221,310,241,0
images\im1025.jpg 269,306,289,330,0
images\im1026.jpg 248,405,268,431,0 1140,238,1160,279,0
images\im1027.jpg 223,514,244,536,0 1144,322,1168,361,0
images\im1028.jpg 196,636,218,659,0 1154,403,1171,449,0
images\im1029.jpg 1162,494,1182,547,0
images\im1030.jpg 1167,596,1190,651,0
images\im1039.jpg 407,27,426,46,0
images\im1040.jpg 388,97,405,116,0
images\im1041.jpg 361,173,377,191,0
images\im1042.jpg 334,258,353,277,0
images\im1043.jpg 304,348,326,371,0
images\im1044.jpg 272,456,292,477,0
images\im1045.jpg 242,571,261,594,0
images\im1089.jpg 178,36,202,64,0 943,64,986,91,0
images\im1090.jpg 154,102,178,128,0 939,133,986,156,0
images\im1091.jpg 938,201,983,226,0 127,176,151,205,0
images\im1092.jpg 100,262,128,284,0 935,280,984,302,0
images\im1093.jpg 927,365,982,390,0 70,345,104,374,0 868,34,905,57,0
images\im1094.jpg 36,446,72,471,0 925,457,972,487,0 876,97,908,122,0 1159,9,1178,31,0
images\im1095.jpg 925,560,975,591,0 3,555,46,578,0 1171,65,1193,90,0 877,168,914,189,0
images\im1096.jpg 926,663,973,711,0 884,241,922,266,0 1182,121,1202,157,0 1105,28,1128,48,0
images\im1097.jpg 1115,89,1136,110,0 1192,191,1214,222,0 889,322,922,350,0
images\im1098.jpg 893,407,928,441,0 1202,265,1231,297,0 1121,153,1147,179,0
images\im1099.jpg 1128,221,1153,250,0 1217,347,1250,377,0 891,508,934,542,0
images\im1100.jpg 881,615,926,650,0 1137,301,1165,330,0 1234,428,1263,462,0
images\im1101.jpg 1248,527,1278,552,0 1139,387,1170,413,0
images\im1102.jpg 1142,475,1174,505,0 1260,620,1280,650,0 723,78,766,106,0
images\im1103.jpg 748,152,764,171,0 1147,572,1178,604,0
images\im1104.jpg 1149,676,1181,713,0 746,225,772,243,0
images\im1105.jpg 752,302,772,318,0
images\im1106.jpg 757,381,773,401,0 179,33,203,49,0
images\im1107.jpg 167,86,190,109,0 753,472,778,490,0
images\im1108.jpg 755,568,775,590,0 152,150,180,175,0 588,44,602,54,0
images\im1109.jpg 754,677,777,697,0 142,219,165,241,0 578,111,590,124,0
images\im1110.jpg 128,295,153,320,0 565,183,588,203,0
images\im1111.jpg 553,264,579,289,0 109,375,141,402,0 830,37,848,55,0
images\im1112.jpg 98,469,127,491,0 539,357,566,374,0 830,100,847,115,0 1184,42,1208,65,0
images\im1113.jpg 1204,109,1229,131,0 827,164,848,189,0 528,448,553,471,0 81,566,115,592,0
images\im1114.jpg 63,672,100,707,0 518,560,538,582,0 828,242,850,259,0 1220,178,1252,201,0
images\im1115.jpg 504,682,524,705,0 826,325,846,343,0 1243,256,1275,283,0
images\im1116.jpg 825,413,844,434,0
images\im1117.jpg 824,511,841,532,0
images\im1118.jpg 816,621,839,643,0
images\im1129.jpg 605,32,632,57,0
images\im1130.jpg 600,105,632,128,0
images\im1131.jpg 593,175,624,204,0
images\im1132.jpg 586,259,615,286,0
images\im1133.jpg 571,345,603,376,0
images\im1134.jpg 556,444,592,475,0
images\im1136.jpg 523,673,558,716,0
images\im1141.jpg 540,52,553,64,0 1211,8,1239,27,0
images\im1142.jpg 1222,61,1252,82,0 534,125,546,135,0
images\im1143.jpg 524,202,538,216,0 1236,117,1264,145,0
images\im1144.jpg 1244,184,1277,211,0 508,289,524,302,0
images\im1145.jpg 493,387,511,402,0 1259,255,1280,284,0
images\im1146.jpg 474,498,492,511,0
images\im1147.jpg 453,617,470,631,0
images\im1152.jpg 804,27,844,51,0 1156,152,1182,171,0
images\im1153.jpg 795,87,838,116,0 1162,225,1189,238,0
images\im1154.jpg 793,156,835,192,0 1168,304,1196,318,0
images\im1155.jpg 1172,381,1200,392,0 784,226,824,268,0
images\im1156.jpg 778,309,821,356,0 1171,461,1199,476,0
images\im1157.jpg 1173,550,1198,567,0 770,413,801,450,0
images\im1158.jpg 759,511,794,556,0 1162,646,1192,669,0
images\im1159.jpg 744,635,780,676,0 1215,13,1230,36,0
images\im1160.jpg 1223,76,1237,96,0 1228,121,1246,141,0
images\im1161.jpg 1224,145,1248,160,0 1248,193,1264,216,0
images\im1162.jpg 1232,215,1260,232,0
images\im1163.jpg 1248,291,1272,304,0
images\im1164.jpg 352,27,371,51,0 1259,367,1280,388,0
images\im1165.jpg 333,99,358,121,0
images\im1166.jpg 309,179,336,198,0 577,22,604,45,0
images\im1167.jpg 288,261,314,282,0 572,92,596,114,0
images\im1168.jpg 263,348,293,375,0 562,167,585,190,0
images\im1169.jpg 235,455,263,478,0 545,249,572,277,0 103,9,143,46,0
images\im1170.jpg 538,342,566,368,0 209,569,237,598,0 75,74,115,119,0
images\im1171.jpg 176,692,200,720,0 524,442,548,473,0 48,150,88,200,0
images\im1172.jpg 16,236,61,285,0 510,556,533,591,0
images\im1173.jpg 488,680,518,717,0 1,322,29,379,0
images\im1188.jpg 375,13,394,31,0
images\im1189.jpg 361,76,376,96,0
images\im119.jpg 525,4,564,35,0
images\im1190.jpg 344,148,363,168,0
images\im1191.jpg 328,228,352,252,0 1141,27,1168,49,0
images\im1192.jpg 1150,90,1174,114,0 315,315,336,341,0
images\im1193.jpg 302,411,322,434,0 1158,156,1182,181,0
images\im1194.jpg 1168,235,1193,259,0 291,518,310,543,0
images\im1195.jpg 280,633,302,664,0 1176,313,1204,339,0
images\im1196.jpg 1181,405,1212,426,0
images\im1197.jpg 1188,495,1221,526,0
images\im1198.jpg 1193,601,1228,631,0
images\im120.jpg 505,86,567,134,0
images\im1202.jpg 933,124,948,136,0 957,46,1000,65,0
images\im1203.jpg 964,105,1005,128,0 925,188,948,212,0
images\im1204.jpg 971,172,1008,194,0 924,272,944,289,0
images\im1205.jpg 921,356,941,374,0 974,245,1014,267,0
images\im1206.jpg 918,450,938,463,0 978,321,1020,339,0
images\im1207.jpg 918,547,931,568,0 987,396,1027,420,0
images\im1208.jpg 908,657,927,677,0 982,486,1026,510,0
images\im1209.jpg 982,581,1030,608,0
images\im121.jpg 503,179,552,234,0
images\im1210.jpg 982,681,1028,713,0
images\im1216.jpg 477,21,508,43,0
images\im1217.jpg 464,87,504,113,0
images\im1218.jpg 455,161,491,186,0
images\im1219.jpg 447,241,484,268,0
images\im122.jpg 490,292,553,345,0
images\im1220.jpg 436,332,479,358,0 403,249,427,277,0
images\im1221.jpg 426,429,461,461,0 392,337,424,373,0
images\im1222.jpg 411,537,454,572,0 385,440,413,470,0
images\im1223.jpg 391,664,440,699,0 375,544,407,580,0
images\im1224.jpg 367,671,398,703,0
images\im123.jpg 482,401,547,461,0
images\im124.jpg 466,532,534,585,0
images\im1244.jpg 1131,21,1159,41,0
images\im1245.jpg 1143,79,1170,102,0 10,40,42,62,0
images\im1246.jpg 1148,146,1180,168,0
images\im1247.jpg 1160,213,1188,236,0
images\im1248.jpg 1169,292,1195,315,0
images\im1249.jpg 1168,376,1200,397,0
images\im125.jpg 456,663,537,731,0
images\im1250.jpg 1178,462,1210,491,0 623,6,656,20,0
images\im1251.jpg 1178,568,1215,588,0 619,68,646,91,0
images\im1252.jpg 1181,672,1212,695,0 612,140,645,159,0
images\im1253.jpg 610,209,643,231,0
images\im1254.jpg 608,294,641,321,0
images\im1255.jpg 605,381,638,410,0
images\im1256.jpg 602,481,635,510,0
images\im1257.jpg 604,586,635,619,0
images\im126.jpg 467,809,528,876,0
images\im1263.jpg 596,16,634,53,0
images\im1264.jpg 357,36,380,57,0 582,78,622,119,0
images\im1265.jpg 355,105,377,122,0 572,148,617,193,0
images\im1266.jpg 558,225,606,278,0 345,172,373,196,0
images\im1267.jpg 342,249,367,281,0 547,307,594,363,0
images\im1268.jpg 527,402,582,461,0 330,331,362,361,0
images\im1269.jpg 513,507,576,572,0 324,430,356,458,0
images\im127.jpg 456,962,532,1037,0
images\im1270.jpg 314,533,351,569,0
images\im1271.jpg 298,658,334,687,0
images\im1276.jpg 782,39,819,59,0
images\im1277.jpg 778,101,823,123,0
images\im1278.jpg 782,172,822,196,0
images\im1279.jpg 782,245,826,272,0 398,224,414,241,0
images\im1280.jpg 784,325,828,352,0 384,316,400,327,0
images\im1281.jpg 783,415,836,442,0 365,412,381,429,0
images\im1282.jpg 788,506,839,537,0 347,519,363,542,0 1159,50,1178,71,0
images\im1283.jpg 789,609,845,648,0 322,641,342,665,0 1168,115,1191,133,0
images\im1284.jpg 1178,179,1202,207,0
images\im1285.jpg 1188,260,1210,288,0
images\im1286.jpg 1196,339,1220,369,0
images\im1287.jpg 1199,426,1226,457,0
images\im1288.jpg 1203,523,1226,554,0 575,7,618,37,0
images\im1289.jpg 561,66,603,97,0 1201,626,1232,653,0
images\im1290.jpg 543,130,592,166,0
images\im1291.jpg 529,194,578,233,0
images\im1292.jpg 512,267,562,311,0 316,36,342,55,0
images\im1293.jpg 306,103,332,117,0 497,342,544,397,0
images\im1294.jpg 478,430,533,485,0 290,172,324,187,0
images\im1295.jpg 466,528,511,585,0 272,244,308,266,0
images\im1296.jpg 258,326,286,348,0
images\im1297.jpg 239,421,267,444,0 1006,1,1038,19,0
images\im1298.jpg 1007,52,1050,86,0 222,520,249,557,0
images\im1299.jpg 203,631,222,666,0 1009,121,1048,153,0
images\im1300.jpg 1008,192,1049,230,0
images\im1301.jpg 1010,266,1049,311,0
images\im1302.jpg 1006,356,1047,399,0
images\im1303.jpg 1010,446,1041,491,0
images\im1304.jpg 1002,546,1038,594,0
images\im1305.jpg 995,659,1033,708,0
images\im1308.jpg 132,37,169,59,0
images\im1309.jpg 104,104,146,127,0
images\im1310.jpg 75,177,118,203,0 487,11,514,27,0 562,32,592,52,0
images\im1311.jpg 559,89,591,115,0 476,74,500,93,0 45,262,90,284,0
images\im1312.jpg 15,348,58,374,0 466,146,488,168,0 560,153,593,177,0
images\im1313.jpg 453,227,478,249,0 557,222,593,245,0 1,450,20,472,0
images\im1314.jpg 444,309,473,338,0 558,295,595,327,0 1106,25,1133,43,0
images\im1315.jpg 1118,90,1138,111,0 556,375,592,407,0 442,397,469,423,0
images\im1316.jpg 557,460,588,493,0 438,496,461,518,0 1118,158,1146,179,0
images\im1317.jpg 1124,230,1151,262,0 557,555,588,594,0 429,596,460,618,0 884,1,900,16,0
images\im1318.jpg 556,668,592,699,0 427,706,446,720,0 1120,312,1157,337,0 887,56,906,71,0
images\im1319.jpg 1125,393,1158,432,0 891,125,910,139,0
images\im1320.jpg 1128,491,1161,525,0 896,196,913,214,0
images\im1321.jpg 1128,598,1163,636,0 900,273,913,293,0
images\im1322.jpg 898,351,921,377,0
images\im1323.jpg 901,442,926,473,0
images\im1324.jpg 902,542,929,570,0
images\im1325.jpg 902,651,930,682,0
images\im1334.jpg 77,30,108,57,0
images\im1335.jpg 56,96,96,125,0
images\im1336.jpg 41,165,83,196,0
images\im1337.jpg 27,244,63,273,0 1180,236,1203,251,0
images\im1338.jpg 12,323,50,360,0 1188,309,1212,327,0
images\im1339.jpg 1,413,37,452,0 1197,381,1221,412,0
images\im1340.jpg 1196,466,1225,492,0
images\im1341.jpg 1206,554,1235,582,0
images\im1342.jpg 1209,652,1236,677,0
images\im1345.jpg 829,4,852,27,0
images\im1346.jpg 823,61,850,86,0
images\im1347.jpg 823,124,850,150,0
images\im1348.jpg 817,190,851,216,0
images\im1349.jpg 818,266,850,291,0 342,300,373,322,0
images\im1350.jpg 326,397,360,415,0 816,342,843,368,0
images\im1351.jpg 818,427,842,456,0 306,499,345,522,0 1220,1,1256,23,0
images\im1352.jpg 291,606,328,639,0 817,519,844,555,0 1231,47,1268,78,0
images\im1353.jpg 1244,100,1279,124,0 818,624,842,655,0
images\im1354.jpg 1252,150,1280,177,0 322,47,351,69,0
images\im1355.jpg 312,113,334,138,0 1262,206,1279,236,0
images\im1356.jpg 291,189,321,211,0
images\im1357.jpg 273,268,298,291,0
images\im1358.jpg 253,356,289,381,0
images\im1359.jpg 232,452,261,483,0
images\im1360.jpg 207,563,246,595,0
images\im1361.jpg 180,680,220,714,0
images\im1364.jpg 328,5,352,25,0
images\im1365.jpg 316,67,337,92,0
images\im1366.jpg 302,135,322,154,0
images\im1367.jpg 282,211,308,234,0
images\im1368.jpg 262,286,286,313,0
images\im1369.jpg 242,373,264,405,0
images\im1370.jpg 219,471,242,504,0
images\im1371.jpg 196,586,216,615,0 1090,46,1104,59,0
images\im1372.jpg 1100,110,1112,130,0
images\im1373.jpg 1113,182,1128,201,0
images\im1374.jpg 1121,258,1137,279,0 913,54,949,78,0 914,5,942,21,0
images\im141.jpg 1513,1,1570,43,0
images\im142.jpg 1527,88,1583,143,0
images\im143.jpg 1557,203,1620,251,0
images\im144.jpg 1572,317,1636,366,0
images\im145.jpg 1596,444,1672,511,0 765,24,855,81,0
images\im146.jpg 1629,589,1711,648,0 773,126,822,173,0
images\im147.jpg 1661,750,1727,807,0 755,236,811,289,0
images\im148.jpg 1690,917,1782,985,0 747,358,797,409,0
images\im149.jpg 719,486,790,559,0 736,64,787,107,0
images\im150.jpg 706,634,765,699,0 738,173,797,224,0
images\im151.jpg 685,795,749,864,0 741,286,806,347,0
images\im152.jpg 665,968,738,1040,0 747,417,815,481,0
images\im153.jpg 1036,31,1075,65,0 752,573,821,627,0
images\im154.jpg 749,732,815,785,0 1024,125,1070,161,0
images\im155.jpg 761,911,817,960,0 1015,227,1065,271,0
images\im156.jpg 1014,341,1061,385,0
images\im157.jpg 1008,471,1060,516,0
images\im158.jpg 1004,610,1059,649,0
images\im159.jpg 1000,766,1056,809,0
images\im160.jpg 990,929,1054,984,0
images\im161.jpg 139,516,206,553,0
images\im162.jpg 131,670,190,704,0
images\im163.jpg 99,827,174,872,0
images\im164.jpg 96,1001,153,1049,0
images\im192.jpg 1057,83,1117,136,0
images\im193.jpg 1069,207,1126,260,0
images\im194.jpg 1073,348,1134,391,0 648,1,688,30,0
images\im195.jpg 1079,493,1140,538,0 644,100,690,144,0
images\im196.jpg 1084,642,1159,703,0 645,213,679,254,0
images\im197.jpg 627,332,680,376,0 1099,827,1165,888,0
images\im198.jpg 1110,1026,1167,1080,0 625,454,682,514,0
images\im199.jpg 621,598,674,657,0
images\im2.jpg 1653,888,1730,982,0 1369,664,1440,726,0
images\im200.jpg 628,762,681,817,0
images\im201.jpg 622,932,685,991,0
images\im203.jpg 687,31,730,65,0
images\im204.jpg 666,135,716,180,0
images\im205.jpg 655,254,698,297,0
images\im206.jpg 634,382,673,422,0
images\im207.jpg 614,518,655,562,0
images\im208.jpg 597,670,643,709,0
images\im209.jpg 572,846,627,880,0
images\im210.jpg 556,1027,612,1074,0
images\im217.jpg 385,10,444,63,0
images\im218.jpg 376,120,437,171,0
images\im219.jpg 367,236,428,285,0
images\im220.jpg 353,363,421,412,0
images\im221.jpg 344,501,416,556,0
images\im222.jpg 336,648,414,703,0
images\im223.jpg 337,813,421,866,0
images\im224.jpg 335,981,425,1043,0
images\im236.jpg 1606,33,1652,61,0
images\im237.jpg 1627,131,1663,159,0
images\im238.jpg 1649,239,1686,267,0
images\im239.jpg 1671,348,1714,382,0
images\im24.jpg 1087,1,1149,25,0
images\im240.jpg 1710,480,1745,514,0 248,37,288,65,0
images\im241.jpg 1735,619,1780,656,0 230,138,265,170,0
images\im242.jpg 1758,764,1815,809,0 207,247,250,284,0
images\im243.jpg 1801,934,1846,982,0 187,369,236,410,0
images\im244.jpg 171,508,214,540,0
images\im245.jpg 151,646,196,680,0
images\im246.jpg 135,798,181,837,0
images\im247.jpg 117,972,161,1007,0
images\im25.jpg 1051,85,1149,144,0 296,25,363,76,0
images\im256.jpg 750,1,778,21,0
images\im257.jpg 744,111,769,142,0
images\im258.jpg 733,236,766,262,0
images\im259.jpg 722,371,758,405,0 1,23,22,59,0
images\im26.jpg 1033,216,1143,284,0 269,143,330,198,0
images\im260.jpg 713,521,753,559,0
images\im261.jpg 713,687,750,728,0 1233,1,1260,24,0
images\im262.jpg 709,867,756,915,0 1228,98,1262,131,0
images\im263.jpg 1215,217,1259,252,0
images\im264.jpg 1207,349,1245,379,0
images\im265.jpg 1193,488,1230,529,0
images\im266.jpg 1192,650,1231,685,0
images\im267.jpg 1182,821,1227,860,0 1319,3,1349,36,0
images\im268.jpg 1178,1023,1228,1066,0 1323,115,1353,138,0
images\im269.jpg 1329,230,1363,258,0
images\im27.jpg 245,275,301,333,0 1020,372,1132,433,0
images\im270.jpg 1332,359,1372,390,0
images\im271.jpg 1341,493,1394,540,0
images\im272.jpg 1357,649,1400,694,0
images\im273.jpg 1365,825,1416,873,0
images\im274.jpg 1369,1015,1438,1063,0
images\im28.jpg 214,419,270,479,0 1018,519,1129,601,0
images\im282.jpg 1479,62,1505,83,0
images\im283.jpg 1494,164,1522,186,0
images\im284.jpg 1516,279,1538,295,0
images\im285.jpg 1535,400,1570,425,0
images\im286.jpg 1559,533,1594,563,0
images\im287.jpg 1585,682,1613,712,0
images\im288.jpg 1608,849,1631,873,0
images\im289.jpg 1624,1031,1663,1061,0
images\im29.jpg 169,576,250,644,0 1002,676,1117,777,0
images\im299.jpg 1396,25,1471,71,0
images\im3.jpg 1392,828,1449,875,0
images\im30.jpg 148,751,218,829,0 995,868,1099,974,0
images\im300.jpg 1400,121,1482,189,0
images\im301.jpg 1410,240,1494,300,0
images\im302.jpg 1414,363,1504,433,0
images\im303.jpg 1416,490,1516,575,0
images\im304.jpg 1433,644,1535,733,0
images\im305.jpg 1442,801,1552,909,0
images\im306.jpg 1453,986,1568,1079,0 1849,59,1899,92,0
images\im307.jpg 1867,160,1919,200,0
images\im308.jpg 1890,269,1920,301,0
images\im309.jpg 1074,10,1121,59,0
images\im31.jpg 111,955,193,1029,0
images\im310.jpg 1076,120,1131,177,0
images\im311.jpg 1092,244,1139,305,0 1685,81,1726,115,0
images\im312.jpg 1105,388,1152,446,0 1709,187,1758,220,0
images\im313.jpg 1114,531,1165,601,0 1745,298,1792,343,0
images\im314.jpg 1129,702,1179,775,0 1777,426,1827,470,0
images\im315.jpg 1157,889,1204,976,0 1815,559,1859,614,0
images\im316.jpg 1855,712,1900,763,0
images\im317.jpg 1888,882,1920,930,0
images\im32.jpg 708,3,765,28,0
images\im33.jpg 701,105,765,139,0
images\im336.jpg 445,36,488,71,0
images\im337.jpg 432,152,472,181,0
images\im338.jpg 425,275,465,314,0
images\im339.jpg 413,415,453,449,0
images\im34.jpg 690,220,761,261,0
images\im340.jpg 401,564,450,607,0
images\im341.jpg 397,731,442,773,0
images\im342.jpg 392,921,447,969,0
images\im35.jpg 684,350,743,385,0
images\im36.jpg 673,488,747,534,0
images\im37.jpg 659,633,737,689,0
images\im372.jpg 1680,5,1744,56,0
images\im373.jpg 1693,92,1755,143,0
images\im374.jpg 1707,189,1760,246,0
images\im375.jpg 1713,284,1776,355,0
images\im376.jpg 1723,399,1792,468,0
images\im377.jpg 1737,524,1807,585,0 1054,6,1083,33,0
images\im378.jpg 1749,646,1821,719,0 1063,98,1094,135,0
images\im379.jpg 1770,787,1844,862,0 1066,210,1096,244,0
images\im38.jpg 665,801,728,852,0
images\im380.jpg 1787,958,1860,1026,0 1074,323,1107,362,0
images\im381.jpg 1075,451,1115,490,0
images\im382.jpg 1081,589,1128,625,0
images\im383.jpg 1087,740,1132,777,0
images\im384.jpg 1366,50,1405,91,0 1098,896,1145,940,0
images\im385.jpg 1371,153,1405,199,0
images\im386.jpg 1367,261,1416,318,0
images\im387.jpg 1365,379,1418,440,0
images\im388.jpg 1371,521,1414,570,0
images\im389.jpg 1371,664,1414,712,0
images\im39.jpg 649,978,721,1033,0
images\im390.jpg 1367,820,1416,873,0
images\im391.jpg 1366,988,1422,1049,0
images\im4.jpg 1407,1014,1467,1053,0
images\im415.jpg 842,3,897,51,0
images\im416.jpg 828,97,887,147,0
images\im417.jpg 816,198,880,255,0
images\im418.jpg 808,308,871,368,0
images\im419.jpg 798,430,867,490,0
images\im420.jpg 792,559,863,628,0
images\im421.jpg 778,700,853,771,0
images\im422.jpg 772,840,847,916,0
images\im423.jpg 763,983,849,1071,0
images\im424.jpg 1140,6,1175,39,0
images\im425.jpg 1131,94,1182,137,0
images\im426.jpg 1141,192,1182,225,0
images\im427.jpg 1136,291,1191,340,0
images\im428.jpg 1131,397,1189,450,0
images\im429.jpg 1144,521,1185,555,0
images\im430.jpg 1144,656,1197,699,0
images\im431.jpg 1147,812,1204,855,0
images\im432.jpg 1156,984,1212,1031,0
images\im436.jpg 1768,16,1814,51,0
images\im437.jpg 1790,117,1831,142,0 534,29,574,67,0
images\im438.jpg 514,130,553,174,0 1809,219,1850,248,0
images\im439.jpg 495,240,548,283,0 1832,326,1875,362,0
images\im440.jpg 1858,444,1899,483,0 487,366,527,416,0
images\im441.jpg 472,494,521,549,0 1879,575,1919,608,0
images\im442.jpg 449,640,508,691,0
images\im443.jpg 444,803,503,856,0
images\im444.jpg 433,974,486,1034,0
images\im451.jpg 1449,117,1502,158,0 1045,21,1129,86,0
images\im452.jpg 1053,118,1133,192,0 1447,214,1500,265,0
images\im453.jpg 1451,325,1510,376,0 1429,69,1479,135,0 1044,220,1144,314,0
images\im454.jpg 1459,452,1516,501,0 1059,339,1149,440,0 1450,175,1494,245,0
images\im455.jpg 1062,469,1174,576,0 1464,585,1511,638,0 1466,289,1516,372,0 1694,1,1826,62,0
images\im456.jpg 1076,624,1165,716,0 1463,730,1517,780,0 666,488,716,529,0 1705,75,1858,155,0 1490,426,1531,501,0
images\im457.jpg 654,630,691,670,0 1453,891,1517,956,0 1072,778,1183,888,0 1721,177,1888,255,0 1506,574,1556,646,0
images\im458.jpg 1086,955,1186,1065,0 642,777,682,825,0 1531,730,1584,811,0 1753,282,1906,368,0
images\im459.jpg 627,938,676,991,0 1552,892,1605,988,0 1773,388,1920,489,0
images\im460.jpg 1795,509,1919,605,0
images\im461.jpg 1823,625,1920,737,0
images\im462.jpg 1847,794,1920,882,0
images\im463.jpg 1881,943,1920,1054,0
images\im480.jpg 1563,428,1623,472,0 1737,9,1774,48,0
images\im481.jpg 1572,534,1624,577,0 1768,108,1807,147,0
images\im482.jpg 1504,632,1553,674,0 1677,245,1711,280,0
images\im483.jpg 1568,773,1623,814,0 1777,327,1815,374,0
images\im484.jpg 1572,888,1624,943,0 1786,434,1821,484,0
images\im485.jpg 1558,1019,1621,1068,0 1794,559,1825,614,0
images\im486.jpg 1791,679,1834,734,0
images\im487.jpg 1803,821,1849,889,0
images\im488.jpg 1819,983,1855,1050,0
images\im494.jpg 539,63,586,88,0
images\im495.jpg 514,151,565,188,0
images\im496.jpg 487,259,527,296,0
images\im497.jpg 457,375,500,409,0 1473,68,1500,88,0
images\im498.jpg 425,501,474,540,0 1460,159,1498,182,0
images\im499.jpg 402,633,449,676,0 1471,260,1501,287,0
images\im50.jpg 1388,38,1441,71,0
images\im500.jpg 382,785,417,838,0 1471,373,1504,405,0
images\im501.jpg 354,950,389,1003,0 1465,496,1507,528,0
images\im502.jpg 1472,630,1506,665,0
images\im503.jpg 1472,783,1506,817,0
images\im504.jpg 1466,951,1500,984,0
images\im51.jpg 1402,151,1441,186,0
images\im519.jpg 547,5,576,28,0
images\im52.jpg 1404,264,1449,305,0
images\im520.jpg 517,92,550,125,0
images\im521.jpg 487,197,522,221,0
images\im522.jpg 452,298,497,343,0
images\im523.jpg 417,425,458,450,0
images\im524.jpg 379,554,419,589,0
images\im525.jpg 333,698,367,732,0
images\im526.jpg 283,858,323,901,0
images\im527.jpg 235,1039,268,1079,0 1805,67,1875,112,0
images\im528.jpg 1821,162,1886,201,0 1667,54,1709,85,0
images\im529.jpg 1834,258,1914,305,0 1677,147,1718,181,0
images\im53.jpg 1404,387,1444,422,0
images\im530.jpg 1855,362,1920,409,0 1214,1,1312,56,0 1691,251,1740,280,0
images\im531.jpg 1223,44,1339,146,0 1712,355,1762,396,0
images\im532.jpg 1729,477,1784,513,0
images\im533.jpg 1748,612,1803,647,0
images\im534.jpg 1759,750,1814,785,0 1159,247,1216,295,0
images\im535.jpg 1780,897,1831,946,0 1151,359,1217,410,0
images\im536.jpg 1151,476,1212,534,0
images\im537.jpg 1147,610,1221,671,0
images\im538.jpg 1141,767,1229,828,0
images\im539.jpg 1137,928,1219,993,0
images\im54.jpg 1403,513,1452,552,0
images\im547.jpg 684,21,753,68,0
images\im548.jpg 665,120,738,163,0
images\im549.jpg 652,229,724,277,0
images\im55.jpg 1412,644,1462,685,0
images\im550.jpg 642,340,701,395,0
images\im551.jpg 615,445,671,518,0
images\im552.jpg 600,568,657,632,0
images\im553.jpg 594,690,666,757,0
images\im554.jpg 589,831,663,892,0 1834,26,1887,66,0
images\im555.jpg 582,989,678,1060,0 1850,122,1905,165,0
images\im556.jpg 1866,228,1916,270,0
images\im557.jpg 1884,336,1920,369,0
images\im56.jpg 1422,788,1464,834,0
images\im57.jpg 1427,956,1488,999,0
images\im570.jpg 735,23,765,59,0
images\im571.jpg 706,127,743,167,0
images\im572.jpg 688,241,727,270,0
images\im573.jpg 667,364,712,399,0
images\im574.jpg 641,497,700,536,0
images\im575.jpg 623,642,665,685,0
images\im576.jpg 600,816,645,849,0
images\im577.jpg 572,1007,625,1043,0
images\im582.jpg 1255,60,1286,81,0
images\im583.jpg 1253,150,1288,179,0
images\im584.jpg 1253,255,1288,278,0
images\im585.jpg 1251,365,1292,404,0
images\im586.jpg 1254,488,1301,527,0
images\im587.jpg 1257,624,1298,667,0
images\im588.jpg 1263,784,1300,824,0
images\im589.jpg 1260,954,1307,1003,0
images\im648.jpg 1501,57,1565,98,0
images\im649.jpg 1498,149,1573,194,0
images\im650.jpg 1510,249,1578,304,0
images\im651.jpg 1523,362,1591,422,0
images\im652.jpg 1527,493,1609,546,0
images\im653.jpg 1534,623,1618,683,0 1622,376,1660,419,0
images\im654.jpg 1545,766,1632,829,0 1640,502,1675,543,0
images\im655.jpg 1546,925,1630,995,0 1650,639,1699,680,0
images\im656.jpg 1666,786,1715,832,0
images\im657.jpg 1683,952,1724,993,0
images\im660.jpg 403,95,472,158,0 1439,62,1515,127,0
images\im661.jpg 379,203,438,260,0 1447,151,1514,218,0
images\im662.jpg 347,314,406,387,0 1447,258,1531,335,0
images\im663.jpg 317,429,366,517,0 1446,375,1539,453,0
images\im664.jpg 276,568,328,658,0 1462,495,1544,584,0
images\im665.jpg 229,728,286,817,0 1465,628,1549,723,0 1302,133,1354,176,0
images\im666.jpg 194,889,237,987,0 1455,785,1542,872,0 1302,235,1342,290,0 992,73,1042,110,0
images\im667.jpg 1464,943,1554,1045,0 1286,343,1341,410,0 978,175,1030,218,0
images\im668.jpg 964,301,1008,328,0 1275,484,1328,535,0
images\im669.jpg 1269,619,1322,683,0 951,416,1002,467,0
images\im670.jpg 1261,781,1321,850,0 940,560,984,611,0 1099,15,1146,52,0
images\im671.jpg 1255,963,1317,1034,0 909,718,962,759,0 1095,107,1129,142,0 1243,7,1288,50,0
images\im672.jpg 889,885,951,932,0 1239,91,1290,153,0 1074,203,1119,258,0
images\im673.jpg 1064,332,1110,376,0 1243,209,1288,258,0
images\im674.jpg 1045,452,1090,505,0 1238,319,1281,382,0
images\im675.jpg 1023,588,1081,648,0 1234,455,1290,510,0
images\im676.jpg 1013,756,1062,808,0 1235,590,1294,665,0
images\im677.jpg 990,925,1040,993,0 1227,743,1290,817,0
images\im678.jpg 1226,920,1281,990,0 1316,277,1371,312,0
images\im679.jpg 1329,392,1382,433,0
images\im680.jpg 1342,522,1393,566,0
images\im681.jpg 1360,657,1404,708,0
images\im682.jpg 1375,803,1425,856,0
images\im683.jpg 1393,972,1442,1024,0
images\im685.jpg 1001,61,1045,95,0
images\im686.jpg 1002,140,1050,174,0
images\im687.jpg 1092,257,1140,298,0 675,33,722,76,0
images\im688.jpg 688,108,728,150,0 1104,346,1160,387,0
images\im689.jpg 658,182,698,225,0 1081,424,1130,473,0
images\im690.jpg 647,266,694,313,0 1068,529,1128,579,0
images\im691.jpg 638,358,680,408,0 1025,618,1080,666,0
images\im697.jpg 1212,646,1252,682,0 428,239,460,277,0 354,402,388,428,0
images\im698.jpg 337,493,372,523,0 418,313,449,357,0
images\im699.jpg 325,602,358,636,0 408,394,444,426,0
images\im700.jpg 27,61,71,93,0 402,487,434,516,0 362,27,379,47,0
images\im701.jpg 408,586,443,619,0 370,92,390,112,0 32,117,72,153,0
images\im702.jpg 354,167,377,190,0 12,188,50,220,0
images\im703.jpg 1,254,23,290,0 331,244,352,262,0
images\im704.jpg 308,327,328,347,0
images\im705.jpg 260,421,280,442,0
images\im706.jpg 233,526,258,544,0
images\im707.jpg 219,634,247,657,0
images\im708.jpg 451,316,472,344,0
images\im709.jpg 434,400,455,438,0
images\im710.jpg 424,510,448,536,0 909,6,924,18,0
images\im711.jpg 409,617,436,651,0 906,65,927,82,0
images\im712.jpg 906,135,927,150,0
images\im713.jpg 913,207,933,227,0
images\im714.jpg 1157,9,1181,30,0
images\im715.jpg 1162,68,1187,88,0
images\im716.jpg 1170,131,1196,156,0
images\im717.jpg 1176,203,1204,226,0
images\im718.jpg 1178,276,1214,302,0
images\im719.jpg 1184,356,1220,385,0
images\im720.jpg 1191,442,1228,473,0
images\im721.jpg 1194,537,1234,563,0
images\im722.jpg 1198,633,1238,667,0
images\im724.jpg 1164,52,1178,66,0
images\im725.jpg 1173,113,1188,129,0
images\im726.jpg 1181,182,1196,197,0
images\im727.jpg 1184,255,1200,272,0
images\im728.jpg 1188,331,1208,349,0
images\im729.jpg 1194,411,1212,432,0 1188,7,1204,19,0
images\im730.jpg 1186,59,1203,75,0 1197,501,1213,524,0 110,1,150,46,0
images\im731.jpg 83,53,132,108,0 893,1,905,7,0 1190,120,1203,138,0 1194,600,1213,621,0
images\im732.jpg 1198,704,1213,720,0 1188,186,1208,200,0 892,46,914,65,0 57,122,113,174,0 347,49,371,67,0
images\im733.jpg 888,106,917,124,0 334,118,361,140,0 28,189,92,242,0
images\im734.jpg 2,263,72,316,0 327,193,346,216,0 887,169,922,192,0
images\im735.jpg 1,345,53,389,0 311,273,333,299,0 890,238,920,263,0
images\im736.jpg 294,371,318,395,0 1,441,18,472,0 892,312,923,342,0
images\im737.jpg 892,392,923,421,0 282,472,306,501,0
images\im738.jpg 261,587,288,614,0 888,479,920,510,0 494,8,509,18,0
images\im739.jpg 889,581,921,613,0 487,72,502,87,0
images\im74.jpg 1627,1,1660,30,0
images\im740.jpg 886,688,920,720,0 478,141,493,155,0
images\im741.jpg 469,214,486,231,0
images\im742.jpg 458,298,475,313,0
images\im743.jpg 445,388,468,406,0
images\im744.jpg 436,485,455,506,0
images\im745.jpg 422,599,442,618,0
images\im747.jpg 288,30,313,46,0
images\im748.jpg 276,92,301,114,0
images\im749.jpg 266,162,292,181,0
images\im75.jpg 1632,89,1667,124,0
images\im750.jpg 202,254,238,276,0
images\im751.jpg 162,351,194,377,0
images\im752.jpg 130,451,163,475,0
images\im753.jpg 132,551,162,575,0
images\im754.jpg 122,668,162,696,0
images\im758.jpg 1127,47,1147,67,0
images\im759.jpg 1145,105,1169,126,0
images\im76.jpg 1627,187,1680,225,0
images\im760.jpg 1172,169,1196,190,0 544,12,566,32,0
images\im761.jpg 1192,235,1217,257,0 624,36,673,71,0 542,76,564,94,0
images\im762.jpg 630,95,678,129,0 1217,305,1240,333,0 542,144,564,163,0
images\im763.jpg 1232,386,1264,410,0 632,162,692,202,0 542,217,562,237,0
images\im764.jpg 544,297,564,318,0 642,232,700,276,0 1257,466,1280,485,0
images\im765.jpg 652,306,713,354,0 542,392,564,413,0
images\im766.jpg 546,492,566,513,0 663,391,723,441,0
images\im767.jpg 674,484,735,539,0 542,600,572,627,0
images\im768.jpg 682,587,745,645,0
images\im769.jpg 688,695,757,720,0
images\im77.jpg 1638,297,1702,328,0
images\im779.jpg 1119,44,1154,65,0
images\im78.jpg 1647,408,1712,451,0
images\im780.jpg 1134,102,1165,118,0
images\im781.jpg 1149,157,1180,180,0
images\im782.jpg 1161,217,1192,244,0 1015,5,1042,25,0
images\im783.jpg 1178,280,1206,308,0 1032,64,1056,86,0
images\im784.jpg 1189,354,1220,381,0 1048,126,1072,152,0
images\im785.jpg 1206,425,1232,456,0 1068,199,1088,226,0
images\im786.jpg 1218,506,1247,537,0 1082,271,1106,297,0
images\im787.jpg 1230,592,1258,627,0 1098,351,1122,382,0
images\im79.jpg 1657,536,1729,571,0
images\im795.jpg 1086,36,1099,53,0
images\im796.jpg 1090,92,1107,110,0
images\im797.jpg 1102,152,1118,169,0
images\im798.jpg 1107,213,1127,236,0
images\im799.jpg 1116,289,1137,307,0
images\im80.jpg 1676,674,1743,713,0
images\im800.jpg 1127,368,1150,389,0
images\im801.jpg 1132,453,1158,477,0
images\im802.jpg 1141,543,1167,567,0
images\im804.jpg 255,15,274,36,0
images\im805.jpg 214,102,238,122,0 999,5,1022,19,0
images\im806.jpg 180,216,207,234,0 1011,62,1038,81,0
images\im807.jpg 142,340,174,358,0 1019,124,1046,138,0 254,37,293,73,0
images\im808.jpg 104,477,139,501,0 248,104,286,145,0 1032,191,1056,215,0
images\im809.jpg 63,636,98,659,0 1039,262,1068,286,0 241,179,282,216,0
images\im81.jpg 1692,823,1761,864,0
images\im810.jpg 228,261,280,298,0 1043,341,1075,367,0
images\im811.jpg 1066,2,1093,21,0 1049,424,1084,448,0 223,343,276,398,0 612,1,633,17,0
images\im812.jpg 616,65,637,87,0 1086,61,1110,86,0 1060,518,1092,537,0 215,447,267,497,0
images\im813.jpg 202,564,266,610,0 1061,615,1096,635,0 1104,129,1128,151,0 624,142,648,161,0 193,34,215,46,0
images\im814.jpg 194,681,258,720,0 632,217,655,241,0 176,102,200,122,0 1122,203,1152,228,0
images\im815.jpg 165,181,185,196,0 638,307,662,331,0 1141,277,1173,307,0
images\im816.jpg 1079,19,1110,56,0 1163,367,1192,388,0 642,407,669,432,0 147,259,168,282,0
images\im817.jpg 125,354,150,371,0 1096,82,1117,120,0 1183,454,1220,481,0 650,508,677,535,0
images\im818.jpg 1108,151,1136,192,0 1206,556,1238,579,0 656,627,685,657,0 105,454,130,477,0
images\im819.jpg 82,562,106,589,0 1120,227,1148,267,0
images\im82.jpg 1697,990,1770,1025,0
images\im820.jpg 1130,312,1163,353,0 58,689,82,714,0
images\im821.jpg 1144,393,1179,445,0
images\im822.jpg 1155,489,1188,538,0 692,7,712,26,0
images\im823.jpg 692,69,712,95,0 1164,587,1199,643,0
images\im824.jpg 693,137,710,159,0
images\im825.jpg 690,217,716,241,0
images\im826.jpg 693,302,718,327,0
images\im827.jpg 696,397,718,419,0
images\im828.jpg 703,501,728,526,0
images\im830.jpg 1078,49,1094,67,0 582,80,618,97,0
images\im831.jpg 566,144,603,166,0 1078,116,1099,131,0
images\im832.jpg 396,33,422,52,0 550,207,586,237,0 1082,182,1102,195,0
images\im833.jpg 383,99,415,125,0 536,288,579,315,0 1086,249,1107,263,0
images\im834.jpg 518,372,563,403,0 1088,326,1108,339,0 364,174,392,196,0
images\im835.jpg 495,474,551,506,0 344,254,379,283,0 1086,407,1113,427,0
images\im836.jpg 328,343,356,376,0 478,583,533,613,0 1088,499,1111,517,0
images\im837.jpg 1090,599,1114,615,0 307,442,340,475,0
images\im838.jpg 292,552,320,592,0
images\im839.jpg 265,673,300,714,0
images\im843.jpg 572,632,582,649,0 308,17,324,32,0
images\im844.jpg 298,81,313,98,0
images\im845.jpg 292,148,308,166,0
images\im846.jpg 275,218,291,237,0
images\im847.jpg 262,302,278,321,0
images\im848.jpg 246,392,262,412,0
images\im849.jpg 226,494,243,513,0
images\im850.jpg 205,608,221,624,0 902,84,919,100,0
images\im851.jpg 912,150,932,164,0 391,11,404,24,0
images\im852.jpg 378,72,391,87,0 916,222,936,236,0
images\im853.jpg 927,300,946,313,0 366,136,382,151,0
images\im854.jpg 348,203,372,223,0 932,378,956,399,0
images\im855.jpg 936,469,965,488,0 342,277,361,295,0
images\im856.jpg 943,569,967,591,0 326,363,353,383,0
images\im857.jpg 948,678,975,700,0 312,458,340,481,0
images\im858.jpg 298,562,330,587,0
images\im859.jpg 287,686,314,701,0
images\im889.jpg 133,64,183,88,0
images\im890.jpg 79,167,135,197,0
images\im891.jpg 23,291,79,320,0 757,57,784,77,0
images\im892.jpg 752,126,783,147,0
images\im893.jpg 749,204,775,227,0
images\im894.jpg 744,289,772,307,0
images\im895.jpg 745,375,773,400,0
images\im896.jpg 741,473,768,493,0
images\im897.jpg 738,583,770,609,0
images\im90.jpg 393,39,460,90,0
images\im91.jpg 369,156,448,207,0
images\im92.jpg 361,278,449,338,0
images\im923.jpg 412,1,440,20,0 306,616,330,645,0
images\im924.jpg 403,72,434,87,0
images\im925.jpg 394,147,422,163,0
images\im926.jpg 377,230,408,249,0 1187,3,1231,36,0
images\im927.jpg 364,326,392,343,0 1202,57,1242,95,0
images\im928.jpg 1213,115,1255,151,0 347,434,380,452,0
images\im929.jpg 328,552,361,572,0 1222,174,1266,212,0
images\im93.jpg 343,413,424,475,0
images\im930.jpg 305,685,342,707,0 1236,237,1280,277,0
images\im931.jpg 1244,307,1280,347,0
images\im932.jpg 1252,376,1280,424,0 931,8,953,25,0
images\im933.jpg 933,66,957,90,0 1259,454,1280,501,0
images\im934.jpg 938,136,958,156,0
images\im935.jpg 938,206,965,229,0
images\im936.jpg 945,282,968,308,0
images\im937.jpg 945,369,972,393,0
images\im938.jpg 950,460,973,486,0
images\im939.jpg 953,563,978,586,0
images\im94.jpg 335,557,406,628,0
images\im940.jpg 950,673,982,703,0
images\im952.jpg 928,55,1001,106,0
images\im953.jpg 382,20,398,42,0 930,119,1004,173,0
images\im954.jpg 932,187,1008,246,0 369,82,391,106,0
images\im955.jpg 358,154,380,178,0 935,263,1014,328,0
images\im956.jpg 938,342,1014,408,0 347,230,370,257,0
images\im957.jpg 337,316,363,347,0 943,434,1025,505,0
images\im958.jpg 943,532,1032,604,0 323,412,352,446,0
images\im959.jpg 312,520,341,556,0 943,636,1048,713,0
images\im960.jpg 294,644,331,678,0
images\im965.jpg 1160,36,1181,57,0
images\im966.jpg 1168,103,1196,119,0
images\im967.jpg 1182,169,1211,190,0
images\im968.jpg 1193,244,1220,262,0
images\im969.jpg 1206,318,1237,340,0
images\im970.jpg 1219,401,1249,424,0 1193,34,1228,73,0
images\im971.jpg 1228,491,1261,516,0 1206,97,1245,132,0
images\im972.jpg 1235,588,1267,613,0 1220,152,1257,200,0
images\im973.jpg 1244,692,1276,720,0 1230,221,1267,267,0
images\im974.jpg 1247,297,1278,351,0
images\im975.jpg 1242,255,1273,284,0 1128,47,1153,69,0
images\im976.jpg 1140,112,1164,130,0 1235,319,1263,351,0
images\im977.jpg 1152,181,1178,203,0
images\im978.jpg 1162,253,1188,277,0
images\im979.jpg 1168,330,1199,360,0
images\im980.jpg 1180,411,1207,441,0
images\im981.jpg 1188,505,1216,534,0
images\im982.jpg 1193,600,1221,634,0
images\im983.jpg 386,47,418,67,0 404,249,425,272,0
images\im984.jpg 378,113,398,140,0 389,332,411,360,0
images\im985.jpg 359,191,391,215,0 373,433,393,460,0
images\im986.jpg 343,267,374,301,0 355,542,378,576,0
images\im987.jpg 324,362,357,395,0 333,663,358,695,0
images\im988.jpg 306,465,343,497,0
images\im989.jpg 288,576,318,613,0
images\im990.jpg 156,48,179,61,0
images\im991.jpg 139,107,158,119,0
images\im992.jpg 123,173,142,186,0 1098,9,1113,22,0
images\im993.jpg 104,242,124,261,0 1107,69,1128,83,0
images\im994.jpg 88,321,108,335,0 1116,138,1137,158,0
images\im995.jpg 68,409,93,425,0 1124,209,1152,226,0
images\im996.jpg 1133,289,1158,304,0 52,501,73,522,0 558,48,586,70,0
images\im997.jpg 35,612,62,630,0 563,106,582,131,0 1140,367,1167,385,0
images\im998.jpg 1147,454,1174,472,0 558,177,580,203,0
images\im999.jpg 558,252,578,279,0 1151,547,1178,568,0
